1000000000
1000000001
1000000010
1000000011
1000000100
1000000101
1000000110
1000000111
1000001000
1000001001
1000001010
1000001011
0000001100
1000001101
0000001110
1000001111
0000010000
0000010001
1000010010
0000010011
0000010100
1000010101
0000001100
0000010100
1000010101
0000010110
0000010111
1000011000
0000010100
0000011001
0000011010
1000011011
0000011100
0000011000
1000011101
0000011100
0000001111
1000011000
1000011110
1000011111
1000100000
1000100001
1000100010
1000100011
1000100100
1000100101
1000100110
1000100111
0000010011
0000101000
1000101001
1000101010
0000010011
0000101011
1000101001
0000010100
0000101100
1000010101
0000011100
0000101101
1000011000
0000101110
0000000000
1000101111
0000110000
0000000001
1000101001
0000110001
0000110010
1000110011
0000010011
0000110100
1000011101
0000110101
1000110110
1000110111
1000111000
0000111001
0000111001
0000111001
0000111001
0000111001
0000111001
0000111001
0000111001
0000111001
0000111001
0000111001
0000111001
0000111001
0000111001
0000111001
0000111001
0000111001
0000111001
0000111001
0000111001
1000111010
0000111011
0000111011
0000111100
0000111101
1000111110
1000111111
1001000000
1001000001
1001000010
1001000011
1001000100
0000110001
0001000101
1000001101
0000010011
0001000110
1000001111
1001000111
1001001000
0000110001
0001001001
1000001101
0000010011
0001001010
1000001111
1001001011
1001001100
0000110001
0001001101
1000001101
0000010011
0001001110
1000001111
0000110001
1001001111
0000010011
1001010000
1001010001
1001010010
0000110001
0001010011
1000001101
0000010011
0001010100
1000001111
1001010101
1001010110
0000110001
0001010111
1000001101
0000010011
0001011000
1000001111
0000110001
1001011001
0000010011
1001011010
1001011011
1001011100
0000110001
0001011101
1000001101
0000010011
0001011110
1000001111
1001011111
1001100000
0000110001
0001100001
1000001101
0000010011
0001100010
1000001111
0000110001
1001100011
0000010011
1001100100
1001100101
1001100110
0000110001
0001100111
1000001101
0000010011
0001101000
1000001111
1001101001
1001101010
0000110001
0001101011
1000001101
0000010011
0001101100
1000001111
0000110001
1001101101
0000010011
1001101110
1001101111
1001110000
0000110001
0001110001
1000001101
0000010011
0001110010
1000001111
0001110011
0001110011
1001110100
0001110101
0001110101
1001110110
0000110001
0001110111
0001110111
1001111000
0000010011
0001111001
0001111001
1001111010
0001111011
0001111011
1001111100
0001111101
0001111101
1001111110
0000110001
0001111111
0001111111
1010000000
0000010011
0010000001
0010000001
1010000010
0010000011
0010000011
1010000100
0000010011
0010000101
0010000101
1010000110
0010000111
0010000111
0010000111
0010000111
0010000111
0010000111
0010000111
0010000111
0010000111
0010000111
0010000111
0010000111
0010000111
0010000111
0010000111
0010000111
0010000111
0010000111
0010000111
0010000111
1010001000
0010001001
0010001001
0010001001
0010001001
0010001001
0010001001
0010001001
0010001001
0010001001
0010001001
0010001001
0010001001
0010001001
0010001001
0010001001
0010001001
0010001001
0010001001
0010001001
0010001001
1010001010
0000110001
0010001011
0010001011
0010001011
0010001011
0010001011
0010001011
0010001011
0010001011
0010001011
0010001011
0010001011
0010001011
0010001011
0010001011
0010001011
0010001011
0010001011
0010001011
0010001011
0010001011
1010001100
0000010011
0010001101
0010001101
0010001101
0010001101
0010001101
0010001101
0010001101
0010001101
0010001101
0010001101
0010001101
0010001101
0010001101
0010001101
0010001101
0010001101
0010001101
0010001101
0010001101
0010001101
1010001110
0010001111
0010001111
0010001111
0010001111
0010001111
0010001111
0010001111
0010001111
0010001111
0010001111
0010001111
0010001111
0010001111
0010001111
0010001111
0010001111
0010001111
0010001111
0010001111
0010001111
1010010000
0010010001
0010010001
0010010001
0010010001
0010010001
0010010001
0010010001
0010010001
0010010001
0010010001
0010010001
0010010001
0010010001
0010010001
0010010001
0010010001
0010010001
0010010001
0010010001
0010010001
1010010010
0000110001
0010010011
0010010011
0010010011
0010010011
0010010011
0010010011
0010010011
0010010011
0010010011
0010010011
0010010011
0010010011
0010010011
0010010011
0010010011
0010010011
0010010011
0010010011
0010010011
0010010011
1010010100
0000010011
0010010101
0010010101
0010010101
0010010101
0010010101
0010010101
0010010101
0010010101
0010010101
0010010101
0010010101
0010010101
0010010101
0010010101
0010010101
0010010101
0010010101
0010010101
0010010101
0010010101
1010010110
1010010111
1010011000
0000110001
0010011001
1000001101
0000010011
0010011010
1000001111
1010011011
1010011100
0000110001
1010011101
0000010011
1010011110
0000110001
1010011111
0000010011
1010100000
1010100001
1010100010
0000110001
1010100011
0000010011
1010100100
1010100101
1010100110
0000110001
0010100111
1000001101
0000010011
0010101000
1000001111
0000110001
1010101001
0000010011
1010101010
1010101011
1010101100
0000110001
0010101101
1000001101
0000010011
0010101110
1000001111
1010101111
1010110000
0000110001
0010110001
1000001101
0000010011
0010110010
1000001111
0000110001
1010110011
0000010011
1010110100
1010110101
1010110110
0000110001
0010110111
1000001101
0000010011
0010111000
1000001111
1010111001
1010111010
0000110001
0010111011
1000001101
0000010011
0010111100
1000001111
1010111101
1010111110
1010111111
1011000000
0000110001
0011000001
1000001101
0000010011
0011000010
1000001111
0000110001
0011000011
1000001101
0000010011
0011000100
1000001111
1011000101
1011000110
0000110001
0011000111
1000001101
0000010011
0011001000
1000001111
1011001001
1011001010
1011001011
1011001100
0000110001
0011001101
1000001101
0000010011
0011001110
1000001111
0000110001
0011001111
1000001101
0000010011
0011010000
1000001111
1011010001
1011010010
0000110001
0011010011
1000001101
0000010011
0011010100
1000001111
1011010101
1011010110
1011010111
1011011000
0000110001
0011011001
1000001101
0000010011
0011011010
1000001111
0000110001
0011011011
1000001101
0000010011
0011011100
1000001111
1011011101
1011011110
0000110001
0011011111
1000001101
0000010011
0011100000
1000001111
1011100001
1011100010
1011100011
1011100100
0000110001
0011100101
1000001101
0000010011
0011100110
1000001111
0000110001
0011100111
1000001101
0000010011
0011101000
1000001111
1011101001
1011101010
0000110001
0011101011
1000001101
0000010011
0011101100
1000001111
1011101101
1011101110
1011101111
1011110000
0000110001
0011110001
1000001101
0000010011
0011110010
1000001111
0000110001
0011110011
1000001101
0000010011
0011110100
1000001111
1011110101
1011110110
0000110001
0011110111
1000001101
0000010011
0011111000
1000001111
1011111001
1011111010
1011111011
1011111100
0000110001
0011111101
1000001101
0000010011
0011111110
1000001111
0000110001
0011111111
1000001101
0000010011
0100000000
1000001111
1100000001
1100000010
0000110001
0100000011
1000001101
0000010011
0100000100
1000001111
1100000101
1100000110
1100000111
1100001000
0000110001
0100001001
1000001101
0000010011
0100001010
1000001111
0000110001
0100001011
1000001101
0000010011
0100001100
1000001111
1100001101
1100001110
0000110001
0100001001
1000001101
0000010011
0100001010
1000001111
1100001111
1100010000
0000110001
1100010001
0000010011
1100010010
1100010011
1100010100
0000110001
1010101101
0000010011
1010101110
1100010101
1100010110
0000110001
0100010111
1000001101
0000010011
0100011000
1000001111
0000110001
1100011001
0000010011
1100011010
1100011011
1100011100
0000110001
0100011101
1000001101
0000010011
0100011110
1000001111
0000010100
0100011111
1100100000
0000010000
0100100001
0100100010
1000010010
0000010000
0100100001
0100100011
1000010010
0100100100
0100011111
0100100101
0100100110
1100100111
0100101000
0100100001
0100101001
0100100011
0100101010
1000010010
1100101011
1100101100
1100100000
1100100010
1100100011
0100100110
1100100111
0100100011
1100101010
0100101101
1100101110
0100101101
1100101111
0100101101
1100110000
0100110001
1000011000
0100110001
0000011000
1100110010
0100110001
0000011000
0100110011
1000011000
0100110001
0000011000
0100110011
0000011000
1100110010
0100110100
0100110101
0100110110
0100110111
0100111000
1100111001
0100111010
0100111011
0100111100
0100110111
0100111101
1100111110
0100110100
0100110101
0100110110
0100110111
0100111000
0100111001
1100101101
0100111010
0100111011
0100111100
0100110111
0100111101
0100111110
1100101101
0100111111
1100111000
0101000000
1100111101
0100111111
0100111000
1100101101
0101000000
0100111101
1100101101
0101000001
0101000010
0100111000
1100111001
0101000011
0101000100
0100111101
1100111110
0101000001
0101000010
0100111000
0100111001
1100101101
0101000011
0101000100
0100111101
0100111110
1100101101
0101000101
0101000110
1100111001
0101000111
0101001000
1100111110
0101000101
0101000110
0100111001
1100101101
0101000111
0101001000
0100111110
1100101101
0101001001
1100111001
0101001010
1100111110
0101001001
0100111001
1100101101
0101001010
0100111110
1100101101
0000010100
0000101100
0000010101
0101001011
0100100100
0100011111
0100100101
0101001100
0101001101
0101001110
1101001111
0000010100
0000101100
0000010101
0101001011
0100100100
0100011111
0100100101
0101010000
0101001101
0101001110
1101001111
0000010100
0000101100
0000010101
0101001011
0100100100
0101010001
0100100101
0101010010
1101010011
0000010100
0101010100
0000101100
0000010101
0101001011
0100100100
0100011111
0100100101
0101010101
0101001110
1101001111
0000010100
0101010110
0000101100
0000010101
0101001011
0100100100
0101010001
0100100101
0101010111
0101001110
1101001111
0101011000
0000010100
0000101100
0000010101
0101001011
0100100100
0100011111
0100100101
0101011001
0101001101
0101001110
1101001111
0100110001
0000011000
0100110011
0000011000
0000011100
0000101101
1000011000
1101011010
1101011011
1101011100
1101011101
1101011110
1101011111
1101100000
1101100001
1101100010
0000000000
0000000000
0000000000
0000000000
0000000000
0000000000
0000000000
0000000000
0000000000
0000000000
0000000000
0000000000
0000000000
0000000000
0000000000
0000000000
0000000000
0000000000
0000000000
0000000000
0000000000
0000000000
0000000000
0000000000
0000000000
0000000000
0000000000
0000000000
0000000000
0000000000
0000000000
0000000000
0000000000
0000000000
0000000000
0000000000
0000000000
0000000000
0000000000
0000000000
0000000000
0000000000
0000000000
0000000000
0000000000
0000000000
0000000000
0000000000
0000000000
0000000000
0000000000
0000000000
0000000000
0000000000
0000000000
0000000000
0000000000
0000000000
0000000000
0000000000
0000000000
0000000000
0000000000
0000000000
0000000000
0000000000
0000000000
0000000000
0000000000
0000000000
0000000000
0000000000
0000000000
0000000000
0000000000
0000000000
0000000000
0000000000
0000000000
0000000000
0000000000
0000000000
0000000000
0000000000
0000000000
0000000000
0000000000
0000000000
0000000000
0000000000
0000000000
0000000000
0000000000
0000000000
0000000000
0000000000
0000000000
0000000000
0000000000
0000000000
0000000000
0000000000
0000000000
0000000000
0000000000
0000000000
0000000000
0000000000
0000000000
0000000000
0000000000
0000000000
0000000000
0000000000
0000000000
0000000000
0000000000
0000000000
0000000000
0000000000
0000000000
0000000000
0000000000
0000000000
0000000000
0000000000
0000000000
0000000000
0000000000
0000000000
0000000000
0000000000
